50136 122.52  52.97  434.2 
50137 122.37  53.47  297.3 
50246 124.72  52.35  363.0 
50247 123.57  52.03  514.9 
50349 124.40  51.67  502.2 
50353 126.63  51.73  178.0 
50425 120.18  50.25  582.3 
50431 121.52  50.78  718.2 
50434 121.68  50.48  733.7 
50442 124.12  50.40  373.4 
50445 123.73  50.58  424.7 
50468 127.45  50.25  167.4 
50514 117.32  49.58  662.7 
50524 119.43  49.32  578.5 
50525 119.75  49.15  621.6 
50526 120.70  49.28  670.0 
50527 119.70  49.25  650.4 
50548 123.72  49.20  287.2 
50557 125.23  49.17  243.0 
50564 127.35  49.43  236.0 
50566 128.47  49.55  120.0 
50603 116.82  48.67  556.0 
50618 118.27  48.22  644.6 
50639 122.73  48.00  308.5 
50645 124.48  48.48  196.5 
50646 124.85  48.48  204.4 
50647 123.48  48.13  237.2 
50655 126.18  48.50  267.7 
50656 126.50  48.25  274.0 
50658 125.88  48.05  239.8 
50659 126.25  48.03  293.1 
50673 130.40  48.88  92.3 
50674 129.43  48.57  404.9 
50727 119.93  47.17  997.7 
50739 123.18  47.33  191.6 
50741 123.50  47.93  186.3 
50742 124.48  47.80  163.8 
50745 123.92  47.38  148.5 
50749 124.83  47.18  159.9 
50750 125.30  47.90  228.8 
50755 126.10  47.60  232.4 
50756 126.97  47.45  240.4 
50758 125.90  47.18  248.3 
50767 127.10  47.23  204.0 
50772 129.23  48.10  299.1 
50774 128.83  47.70  245.7 
50775 130.20  47.33  229.8 
50776 130.83  47.57  84.8 
50778 132.53  47.67  59.1 
50779 134.28  48.37  41.2 
50787 131.83  47.32  63.0 
50788 131.98  47.23  68.4 
50834 121.22  46.60  501.0 
50842 124.42  46.83  148.9 
50844 123.45  46.40  140.3 
50850 125.13  46.57  148.4 
50851 126.08  46.68  209.2 
50852 126.45  46.83  170.4 
50853 126.97  46.62  181.2 
50854 125.32  46.38  150.4 
50858 125.93  46.07  136.0 
50859 126.28  46.28  160.7 
50861 127.48  46.88  186.1 
50862 127.98  46.98  206.7 
50867 127.35  46.08  134.8 
50871 129.88  46.73  96.4 
50873 130.30  46.78  83.1 
50877 129.58  46.30  101.6 
50878 130.72  47.00  80.2 
50879 130.55  46.22  187.6 
50880 131.12  46.73  104.7 
50884 131.15  46.63  178.0 
50888 132.18  46.32  83.5 
50892 134.00  46.80  57.2 
50913 118.83  45.72  866.1 
50915 116.97  45.52  838.9 
50924 119.67  45.53  824.7 
50928 120.33  45.07  629.1 
50934 121.58  45.38  312.7 
50936 122.83  45.63  156.2 
50937 121.48  45.07  250.7 
50939 122.82  45.33  154.9 
50940 123.17  45.85  145.7 
50945 124.27  45.50  138.7 
50946 124.83  45.18  140.7 
50948 124.02  45.00  148.0 
50949 124.87  45.08  137.4 
50950 125.25  45.70  150.2 
50953 126.57  45.93  143.5 
50954 125.08  45.50  129.2 
50956 126.77  46.08  117.7 
50958 126.93  45.53  175.2 
50960 127.38  45.73  192.5 
50962 128.03  45.95  113.5 
50963 128.73  45.97  110.0 
50964 128.80  45.83  123.2 
50965 128.27  45.43  157.0 
50968 127.97  45.22  191.0 
50971 131.02  45.77  226.7 
50973 130.60  45.75  242.8 
50978 130.92  45.30  282.0 
50979 130.23  45.27  276.9 
50983 132.97  45.77  104.8 
50985 131.87  45.55  155.4 
50987 131.10  45.27  224.6 
51053 86.40  48.05  534.5 
51058 87.97  47.10  564.9 
51060 86.87  47.70  475.6 
51068 87.47  47.12  502.7 
51076 88.08  47.73  736.6 
51087 89.52  46.98  809.7 
51133 83.00  46.73  536.1 
51137 82.93  46.20  715.7 
51145 83.65  46.55  523.6 
51156 85.72  46.78  1294.2 
51232 82.57  45.18  338.3 
51238 82.07  44.90  533.1 
51241 83.60  45.93  1077.1 
51243 84.85  45.62  456.5 
51334 82.82  44.57  320.2 
51357 85.62  44.33  523.5 
51359 86.20  44.32  473.6 
51367 86.85  44.17  524.2 
51368 87.32  44.12  516.7 
51369 87.65  43.97  601.2 
51377 87.92  44.17  547.9 
51378 89.17  44.02  735.9 
51468 86.83  43.10  3543.8 
51469 87.18  43.45  1928.5 
51470 88.12  43.88  1941.9 
51477 88.32  43.35  1105.5 
51482 90.28  43.83  1271.8 
51526 88.22  42.23  924.0 
51542 84.15  43.03  2459.4 
51567 86.57  42.08  1056.5 
51571 88.63  42.80  2.0 
51572 89.25  42.83  -47.4 
51573 89.20  42.93  35.2 
51627 79.23  41.22  1397.7 
51628 80.23  41.17  1105.0 
51636 82.65  41.55  1011.5 
51639 82.78  41.23  982.5 
51656 86.13  41.75  932.9 
51704 76.17  39.72  1299.5 
51705 75.25  39.72  2177.5 
51707 76.73  39.50  1209.6 
51709 75.75  39.48  1290.6 
51717 76.78  39.25  1207.8 
51720 79.05  40.50  1163.3 
51722 80.40  40.65  1046.6 
51730 81.27  40.55  1013.4 
51747 83.67  39.00  1100.0 
51765 87.70  40.63  847.7 
51802 76.17  38.93  1299.1 
51810 77.63  38.92  1179.5 
51811 77.27  38.43  1232.4 
51814 77.40  37.92  1360.4 
51815 77.27  38.20  1275.7 
51818 78.28  37.62  1376.4 
51826 80.80  37.02  1337.0 
51827 79.63  37.17  1326.9 
51828 79.93  37.13  1376.2 
51829 80.17  37.08  1349.0 
51839 82.72  37.07  1410.7 
51855 85.55  38.15  1248.4 
51931 81.65  36.85  1423.3 
52101 93.05  43.60  1674.4 
52112 94.98  43.75  479.1 
52118 94.70  43.27  1729.5 
52203 93.52  42.82  738.4 
52313 94.67  41.53  1575.2 
52323 97.03  41.80  1771.6 
52515 94.87  39.52  2138.6 
52533 98.48  39.77  1478.4 
52546 99.83  39.37  1333.4 
52557 100.17  39.15  1454.9 
52602 93.33  38.75  2770.8 
52643 99.62  38.83  2313.0 
52652 100.28  39.08  1462.3 
52656 100.82  38.43  2282.6 
52674 101.97  38.23  1978.1 
52679 102.67  37.92  1532.7 
52681 103.08  38.63  1368.7 
52707 93.68  36.80  2767.8 
52784 102.90  37.47  2073.6 
52787 102.87  37.20  3046.3 
52797 104.05  37.18  1632.1 
52818 94.92  36.42  2808.4 
52825 96.43  36.43  2791.2 
52836 98.10  36.30  3189.8 
52854 100.48  36.58  3201.6 
52856 100.62  36.27  2835.8 
52863 101.95  36.82  2480.8 
52866 101.75  36.73  2296.0 
52868 101.37  36.02  2237.9 
52869 101.58  36.50  2668.3 
52875 102.10  36.50  2125.8 
52876 102.83  36.33  1814.7 
52877 102.25  36.10  2835.5 
52881 103.18  36.98  2486.0 
52884 103.95  36.35  1669.7 
52885 103.25  36.75  2120.0 
52895 104.68  36.57  1399.4 
52896 104.15  36.55  1739.9 
52908 93.08  35.22  4613.0 
52941 100.27  36.27  2872.8 
52943 99.98  35.58  3324.0 
52955 100.73  35.58  3120.8 
52957 100.60  35.25  3149.0 
52963 102.02  35.93  2086.5 
52968 101.47  35.03  3663.6 
52972 102.45  35.85  1921.8 
52974 102.02  35.52  2492.2 
52978 102.52  35.20  2930.6 
52980 103.30  35.97  1649.2 
52981 103.38  35.68  2422.2 
52982 103.55  35.48  1954.4 
52983 104.15  35.87  1875.6 
52984 103.18  35.58  1918.4 
52985 103.33  35.42  2164.0 
52986 103.87  35.37  1895.0 
52988 103.72  35.37  2001.8 
52993 105.07  35.68  1740.6 
52995 104.62  35.58  1898.4 
52996 105.02  35.38  2451.8 
52998 104.20  35.13  2112.2 
53068 111.93  43.63  964.1 
53083 114.15  44.62  1182.9 
53149 110.13  42.53  1226.7 
53192 114.95  44.02  1127.3 
53231 106.40  41.40  1510.6 
53289 113.83  42.23  1322.8 
53336 108.52  41.57  1289.2 
53337 108.27  41.10  1025.4 
53348 109.13  41.02  1080.5 
53352 110.43  41.70  1376.2 
53357 110.05  41.03  1362.1 
53362 111.68  41.53  1491.4 
53367 111.23  41.32  1603.7 
53368 111.47  41.08  1640.2 
53378 112.62  41.28  1737.9 
53384 113.18  41.45  1424.9 
53385 113.53  41.60  1387.5 
53391 114.00  41.90  1484.6 
53392 114.60  41.85  1423.5 
53397 113.98  41.10  1377.7 
53399 114.70  41.15  1394.4 
53419 107.00  40.33  1060.4 
53420 107.12  40.85  1024.9 
53433 108.65  40.73  1022.0 
53446 109.88  40.53  1068.4 
53455 110.53  40.55  1000.9 
53457 110.03  40.40  1012.2 
53463 111.57  40.85  1064.2 
53464 111.17  40.72  1047.5 
53466 111.70  40.75  1046.6 
53467 111.18  40.27  1017.5 
53469 111.82  40.40  1164.0 
53472 112.57  40.87  1453.2 
53475 112.47  40.52  1272.2 
53478 112.45  40.00  1347.6 
53480 113.07  41.03  1421.5 
53481 113.22  40.80  1317.1 
53483 113.83  40.87  1269.9 
53484 113.15  40.45  1192.9 
53486 113.77  40.37  1050.8 
53487 113.42  40.08  1068.4 
53488 113.58  40.03  1035.4 
53490 114.05  40.43  1016.2 
53491 114.38  40.67  838.8 
53492 114.15  40.10  938.7 
53498 115.03  40.57  630.5 
53499 114.73  40.77  756.2 
53512 106.80  39.80  1105.8 
53513 107.37  40.73  1042.3 
53517 106.33  39.27  1466.4 
53518 106.35  39.03  1118.7 
53519 106.77  39.22  1093.1 
53522 107.83  40.05  1181.4 
53529 107.97  39.08  1381.7 
53533 108.72  39.82  1390.3 
53543 109.98  39.83  1462.8 
53545 109.72  39.57  1367.3 
53553 111.22  39.87  1222.9 
53562 111.67  39.92  1192.2 
53564 111.15  39.38  862.1 
53565 111.50  39.43  1050.8 
53567 111.00  39.02  982.1 
53573 112.70  40.00  1337.7 
53574 112.27  39.52  1408.6 
53575 112.20  39.10  1526.2 
53576 112.82  39.50  1046.5 
53577 112.30  39.00  1438.7 
53578 112.43  39.37  1116.4 
53579 112.90  39.02  861.5 
53582 113.67  39.72  1080.7 
53584 113.17  39.57  1001.9 
53585 113.27  39.17  935.2 
53588 113.52  38.95  2209.9 
53590 114.27  39.75  979.4 
53593 114.57  39.83  910.5 
53594 114.18  39.45  939.9 
53596 115.13  38.85  53.4 
53599 114.68  39.37  885.6 
53603 106.37  38.83  1096.0 
53610 106.35  38.57  1107.0 
53611 106.55  38.88  1099.4 
53612 106.18  37.98  1132.2 
53614 106.20  38.47  1111.6 
53615 106.70  38.80  1102.9 
53617 106.08  38.03  1119.2 
53618 106.25  38.28  1115.5 
53619 106.30  38.12  1117.3 
53644 108.83  38.60  1309.3 
53646 109.78  38.27  1157.8 
53651 110.47  38.82  942.2 
53658 110.48  38.03  895.4 
53659 111.00  37.97  1164.1 
53660 111.08  39.02  893.5 
53662 111.58  38.72  1393.7 
53663 111.82  38.92  1402.5 
53664 111.13  38.47  1013.6 
53665 111.65  38.28  1186.1 
53666 111.93  38.35  1214.1 
53669 111.80  38.08  1151.5 
53673 112.72  38.73  827.2 
53674 112.70  38.40  799.0 
53676 112.98  38.50  760.9 
53677 112.48  37.93  808.0 
53678 112.65  38.07  898.3 
53679 112.55  37.75  776.6 
53680 114.38  38.30  110.1 
53681 113.37  38.83  1097.7 
53682 114.68  38.63  105.3 
53685 113.42  38.07  953.8 
53687 113.63  37.78  752.8 
53688 114.55  38.42  97.4 
53689 115.07  38.02  43.5 
53690 114.18  38.85  283.1 
53691 114.57  38.15  72.1 
53692 114.98  38.73  67.6 
53693 114.13  38.03  256.6 
53694 114.22  38.27  132.0 
53695 114.68  38.35  72.0 
53696 115.02  38.55  55.8 
53697 114.83  38.03  54.6 
53699 114.95  38.18  46.6 
53704 105.18  37.53  1226.6 
53705 105.68  37.48  1184.4 
53707 105.25  36.93  1699.0 
53723 107.38  37.80  1350.4 
53725 107.58  37.58  1361.2 
53727 107.12  37.17  1713.5 
53730 107.48  38.18  1335.0 
53732 108.72  37.85  1211.5 
53735 108.80  37.62  1337.8 
53738 108.17  36.92  1331.1 
53740 109.23  37.93  1107.5 
53748 109.70  37.18  1064.4 
53750 110.18  37.77  931.6 
53751 110.05  37.60  895.8 
53753 110.88  37.43  861.0 
53754 110.22  37.50  930.7 
53756 110.72  37.52  745.0 
53757 110.12  37.12  938.8 
53759 110.83  36.98  1106.8 
53760 111.23  37.88  1213.3 
53763 112.17  37.92  1008.0 
53764 111.10  37.50  951.2 
53767 111.17  37.33  1212.2 
53768 111.75  37.15  774.3 
53769 111.78  37.25  749.1 
53770 112.35  37.35  769.9 
53771 112.05  37.42  751.3 
53772 112.58  37.62  779.4 
53773 114.62  36.33  65.8 
53774 112.37  37.58  774.6 
53775 112.60  37.42  782.6 
53776 112.77  37.68  831.5 
53777 112.15  37.53  760.2 
53778 112.22  37.17  780.9 
53780 113.15  37.90  1066.6 
53781 114.47  36.87  69.0 
53782 113.62  37.93  765.7 
53783 113.70  37.60  880.3 
53784 114.78  37.75  39.6 
53785 114.67  37.52  36.2 
53786 113.33  37.08  1134.4 
53787 112.98  37.07  1042.2 
53788 113.57  37.33  1267.0 
53789 114.63  37.88  54.0 
53790 114.60  37.63  50.1 
53791 114.52  37.77  67.5 
53792 114.48  37.45  114.2 
53794 114.75  37.35  34.3 
53795 114.37  37.65  138.5 
53796 114.88  37.62  31.8 
53797 114.52  37.28  75.1 
53798 114.50  37.07  78.5 
53799 114.98  37.23  27.1 
53806 105.65  36.57  1854.8 
53810 105.90  36.97  1340.7 
53817 106.27  36.00  1754.2 
53821 107.30  36.57  1256.8 
53829 107.90  35.98  1094.9 
53832 108.77  36.77  1220.0 
53841 109.32  36.88  1069.1 
53848 109.35  36.27  1005.4 
53850 110.18  36.88  805.7 
53852 110.63  36.77  917.5 
53853 110.95  36.70  1054.1 
53854 110.07  36.58  805.5 
53856 110.75  36.47  766.8 
53857 110.18  36.07  841.1 
53859 110.67  36.10  852.5 
53860 111.17  36.98  1407.2 
53861 111.38  35.88  460.5 
53862 111.80  36.85  812.5 
53863 111.92  37.03  745.7 
53864 111.10  36.40  1031.1 
53865 111.55  36.65  1013.1 
53866 111.67  36.23  464.1 
53868 111.50  36.07  451.0 
53869 111.70  36.58  551.2 
53871 112.85  36.83  965.8 
53872 112.68  36.77  962.4 
53873 112.87  36.10  952.5 
53874 111.90  36.25  650.0 
53875 112.35  36.52  1001.6 
53877 112.25  36.17  861.4 
53878 113.38  36.52  769.1 
53879 112.88  36.32  953.2 
53880 113.23  36.33  948.9 
53881 106.48  37.28  1382.9 
53882 113.03  36.07  991.4 
53883 114.70  37.13  37.7 
53884 113.03  36.52  879.1 
53885 113.20  36.12  1031.3 
53886 113.67  36.57  471.6 
53888 113.43  36.20  1088.6 
53889 113.82  36.07  308.6 
53890 114.10  36.67  281.3 
53891 114.68  37.02  44.2 
53892 114.47  36.62  67.7 
53893 114.95  36.77  40.8 
53894 114.20  36.40  150.5 
53895 114.50  36.78  61.8 
53896 114.95  36.35  51.3 
53897 114.38  36.38  70.9 
53898 114.13  36.05  63.8 
53899 114.97  36.48  49.7 
53903 105.72  35.97  1917.9 
53906 105.72  35.52  1657.6 
53908 105.23  35.22  1769.4 
53910 106.20  35.67  2839.1 
53914 106.12  35.62  2079.5 
53915 106.67  35.55  1347.8 
53916 106.32  35.50  1949.1 
53917 106.07  35.22  1632.2 
53923 107.63  35.73  1422.2 
53924 107.62  35.07  967.8 
53925 107.18  35.68  1173.7 
53926 107.35  35.35  1030.0 
53927 106.62  35.20  1478.8 
53928 107.02  35.30  1150.3 
53929 107.80  35.20  1206.8 
53930 107.98  36.45  1272.2 
53931 109.37  36.00  984.8 
53934 107.98  35.78  1299.9 
53935 108.40  35.48  1443.9 
53937 107.92  35.52  980.6 
53938 108.30  35.17  1277.9 
53941 109.58  35.18  807.1 
53942 109.42  35.77  1161.0 
53944 109.25  35.57  857.3 
53945 109.07  35.43  1394.4 
53946 109.82  35.60  1091.0 
53947 109.07  35.08  979.7 
53948 109.58  34.95  499.9 
53949 109.92  35.18  680.4 
53950 110.15  35.23  709.9 
53953 110.85  35.97  966.3 
53954 110.97  35.62  433.5 
53956 110.83  35.40  589.6 
53957 110.72  35.62  460.0 
53958 110.78  35.17  389.5 
53959 111.05  35.05  365.9 
53961 111.48  35.65  473.4 
53962 111.70  35.73  585.3 
53963 111.37  35.65  434.9 
53964 111.22  35.62  431.8 
53965 111.57  35.52  761.9 
53966 111.83  35.98  818.1 
53967 111.20  35.33  469.8 
53968 111.67  35.28  506.2 
53970 112.20  35.70  887.1 
53972 112.90  35.05  121.0 
53973 112.95  35.77  836.6 
53974 114.23  35.62  73.9 
53975 112.40  35.48  658.7 
53976 112.87  35.50  751.5 
53978 112.63  35.08  140.9 
53979 113.08  35.15  121.1 
53980 114.80  36.55  51.3 
53981 113.27  35.78  1311.2 
53982 113.27  35.23  113.5 
53983 114.42  35.03  70.8 
53984 113.47  35.23  83.7 
53985 113.82  35.50  142.2 
53986 113.88  35.32  74.0 
53987 113.35  35.10  91.8 
53988 113.67  35.27  78.8 
53989 113.98  35.08  77.7 
53991 114.33  35.92  93.9 
53992 114.52  35.65  59.2 
53993 114.92  35.93  52.4 
53994 114.07  35.38  71.2 
53995 114.50  35.55  64.5 
53996 114.65  36.45  59.0 
53997 114.18  35.15  72.3 
53998 114.65  35.20  62.5 
54012 117.60  44.58  1002.6 
54024 119.30  44.45  710.0 
54026 120.90  44.57  265.8 
54027 119.40  43.98  487.2 
54031 121.82  44.90  201.1 
54039 122.02  44.03  182.7 
54041 123.07  44.80  155.4 
54047 123.28  44.13  146.9 
54049 123.97  44.25  190.4 
54063 126.00  44.97  197.7 
54064 125.15  44.38  171.3 
54065 125.65  44.53  173.4 
54069 125.80  44.17  175.6 
54072 126.52  44.85  203.3 
54076 126.93  44.38  269.3 
54080 127.15  44.90  196.5 
54092 129.40  44.60  294.8 
54093 130.55  44.93  266.7 
54094 129.67  44.50  242.5 
54096 131.17  44.38  569.8 
54098 129.47  44.33  272.4 
54099 131.13  44.08  151.3 
54102 116.12  43.95  1003.8 
54113 118.65  43.53  622.5 
54115 118.03  43.63  803.8 
54117 117.53  43.25  1004.4 
54122 120.05  43.88  376.0 
54132 121.07  42.40  400.6 
54134 121.28  43.60  242.3 
54135 122.27  43.60  180.1 
54142 123.53  43.50  116.6 
54154 124.30  43.35  160.6 
54155 124.23  43.67  145.0 
54157 124.33  43.17  167.2 
54161 125.22  43.90  237.5 
54164 125.28  43.35  249.6 
54165 125.63  43.55  223.9 
54169 126.02  43.30  270.3 
54171 126.52  43.70  232.4 
54172 126.53  43.87  199.8 
54181 127.33  43.70  294.5 
54186 128.20  43.37  526.0 
54187 128.92  43.12  369.0 
54192 130.27  43.70  386.0 
54195 129.78  43.30  244.9 
54204 115.00  42.30  1347.8 
54205 116.00  42.23  1316.6 
54208 116.47  42.18  1247.0 
54213 119.02  42.93  635.7 
54214 118.42  42.58  961.3 
54218 118.83  42.30  667.8 
54223 120.65  42.85  364.0 
54225 119.95  42.30  589.3 
54226 120.70  42.33  402.0 
54231 122.35  42.97  249.3 
54234 121.75  42.73  298.9 
54236 122.55  42.38  85.0 
54243 124.12  42.78  165.8 
54244 123.33  42.75  120.1 
54245 123.40  42.50  99.3 
54248 123.53  42.03  67.8 
54249 123.87  42.30  79.4 
54252 124.75  42.73  198.7 
54254 124.05  42.53  102.9 
54259 124.87  42.07  235.3 
54260 125.08  42.92  254.4 
54261 125.47  42.67  345.8 
54263 126.05  42.97  339.5 
54266 125.63  42.53  341.5 
54267 125.73  42.25  363.2 
54273 126.75  42.98  264.8 
54274 125.98  42.68  303.4 
54276 126.80  42.40  569.6 
54279 126.58  42.05  545.4 
54284 127.50  42.15  775.4 
54285 128.12  42.42  722.4 
54286 129.00  42.53  478.8 
54290 129.40  42.77  248.1 
54291 130.28  42.90  37.8 
54292 129.50  42.87  258.5 
54293 129.83  42.95  141.3 
54301 115.67  41.67  1413.1 
54304 115.27  40.95  1249.1 
54305 115.27  41.88  1470.0 
54308 116.63  41.20  736.3 
54311 117.77  41.97  893.8 
54313 118.70  41.93  734.8 
54316 118.75  41.52  680.7 
54318 117.73  41.32  562.8 
54319 118.67  41.00  503.3 
54320 119.30  41.60  545.3 
54321 119.63  41.87  661.6 
54323 120.78  41.82  253.5 
54324 120.43  41.55  175.3 
54325 120.35  41.18  183.1 
54326 119.62  41.42  425.4 
54327 119.35  41.23  421.5 
54328 119.72  41.08  300.6 
54332 122.72  41.52  13.9 
54333 122.85  41.97  32.1 
54336 122.42  41.42  13.1 
54338 121.95  41.28  4.1 
54339 123.00  41.08  78.5 
54340 123.32  41.67  47.6 
54342 123.52  41.73  49.5 
54345 123.07  41.20  29.6 
54346 123.78  41.32  186.1 
54347 123.17  41.23  25.7 
54348 123.33  41.42  36.5 
54351 124.08  41.92  116.5 
54353 125.05  41.73  331.7 
54362 125.73  41.67  388.8 
54363 125.90  41.68  404.3 
54371 126.43  41.93  521.8 
54374 126.88  41.80  381.8 
54377 126.22  41.15  225.5 
54386 128.18  41.42  777.8 
54398 116.62  40.13  29.6 
54399 116.28  39.98  46.9 
54401 114.92  40.77  774.1 
54404 115.83  40.88  868.7 
54405 115.50  40.42  572.1 
54406 115.97  40.45  489.1 
54408 115.22  40.38  530.7 
54416 116.87  40.38  73.0 
54419 116.63  40.37  76.8 
54420 117.33  40.93  530.1 
54421 117.12  40.65  294.3 
54423 117.92  40.97  423.5 
54424 117.12  40.17  33.3 
54425 117.47  40.40  634.4 
54428 117.40  40.03  16.9 
54429 117.95  40.20  56.1 
54430 118.15  40.77  270.3 
54431 116.63  39.92  44.5 
54432 118.48  40.60  305.8 
54433 116.50  39.95  36.3 
54434 118.33  40.17  132.8 
54436 118.95  40.42  255.4 
54437 118.62  39.50  19.1 
54438 118.88  39.88  66.1 
54439 118.72  40.02  52.0 
54449 119.52  39.85  3.5 
54452 119.82  40.80  367.8 
54453 120.88  40.78  43.0 
54454 120.30  40.33  29.0 
54455 120.65  40.62  21.5 
54470 122.07  41.02  6.1 
54471 122.17  40.65  4.6 
54474 122.35  40.42  27.6 
54475 122.48  40.62  15.3 
54476 122.15  40.17  37.9 
54483 123.90  40.88  239.8 
54486 123.28  40.28  81.3 
54493 124.78  40.72  261.1 
54494 124.07  40.47  74.4 
54497 124.33  40.05  13.1 
54499 116.22  40.22  77.4 
54501 115.68  39.97  441.3 
54502 116.03  39.48  30.4 
54503 115.82  39.07  14.0 
54505 116.10  39.93  93.8 
54506 115.95  39.32  25.7 
54507 115.52  39.33  50.8 
54510 116.95  39.92  18.1 
54511 116.47  39.80  32.5 
54512 116.28  39.42  22.6 
54513 116.20  39.95  66.8 
54514 116.25  39.87  56.7 
54515 116.70  39.50  14.8 
54518 116.40  39.17  10.4 
54519 116.48  39.30  13.4 
54520 117.08  39.97  19.3 
54521 116.98  39.77  14.2 
54522 117.73  39.88  15.6 
54523 117.02  39.38  5.7 
54525 117.28  39.73  6.3 
54526 117.33  39.08  2.6 
54527 117.05  39.08  4.3 
54528 117.13  39.23  4.6 
54529 117.82  39.35  5.1 
54530 117.77  39.23  2.5 
54531 118.72  39.73  44.1 
54532 118.08  39.80  34.5 
54533 118.10  39.58  10.1 
54534 118.10  39.65  24.5 
54535 118.47  39.28  4.4 
54539 118.88  39.43  11.7 
54540 119.20  39.73  18.7 
54541 119.23  39.90  25.4 
54563 122.02  39.63  119.0 
54568 121.75  39.07  40.5 
54569 121.95  39.42  35.4 
54575 122.37  39.42  43.1 
54579 122.58  39.27  33.6 
54584 122.95  39.72  35.9 
54590 124.17  39.88  5.3 
54594 116.35  39.72  38.8 
54596 116.20  39.77  40.2 
54597 115.73  39.73  408.7 
54601 115.65  38.98  14.3 
54602 115.48  38.73  17.9 
54603 115.77  38.72  11.2 
54604 115.33  38.42  30.8 
54605 115.93  38.93  5.6 
54606 115.73  38.23  20.2 
54607 115.12  38.72  46.2 
54608 115.55  38.00  27.3 
54609 115.58  38.23  26.7 
54610 116.10  38.73  9.2 
54611 115.32  38.93  45.9 
54612 116.45  38.85  7.5 
54613 116.62  38.70  8.0 
54614 116.05  38.42  12.4 
54615 116.85  38.58  9.3 
54616 116.85  38.35  9.1 
54617 116.12  38.18  14.4 
54618 116.55  38.08  14.3 
54619 116.92  38.92  6.7 
54620 115.57  38.48  19.7 
54621 115.18  38.18  39.3 
54622 117.37  38.98  3.9 
54623 117.72  39.05  5.7 
54624 117.32  38.40  7.8 
54626 115.82  38.42  15.1 
54627 117.23  38.03  9.4 
54628 117.48  38.15  7.6 
54631 115.15  37.07  33.6 
54632 115.03  37.07  35.2 
54633 115.23  37.52  27.5 
54636 116.10  39.02  12.2 
54640 114.87  36.92  37.2 
54644 117.12  38.05  11.7 
54645 117.47  38.85  3.4 
54662 121.63  38.90  92.5 
54700 115.93  38.03  17.4 
54701 115.20  37.93  36.9 
54702 115.70  37.73  21.9 
54703 115.88  37.80  22.5 
54704 115.57  37.52  26.0 
54705 115.38  37.37  28.6 
54706 115.67  37.08  32.7 
54707 115.98  37.35  28.6 
54708 115.73  37.50  24.7 
54709 116.07  37.22  26.9 
54710 116.17  37.87  19.8 
54711 116.28  37.70  19.5 
54712 116.82  37.20  19.7 
54713 116.53  37.88  15.6 
54714 116.33  37.45  24.8 
54715 116.57  37.32  22.8 
54716 116.80  37.67  17.5 
54717 116.40  37.63  18.3 
54719 116.68  38.03  12.3 
54722 117.63  37.75  8.0 
54723 117.57  37.65  11.2 
54724 117.13  37.32  15.9 
54725 117.53  37.50  12.9 
54726 117.18  37.70  12.7 
54727 117.55  36.68  123.0 
54728 117.38  37.77  9.6 
54729 117.87  37.17  12.2 
54734 118.00  37.35  13.4 
54736 118.67  37.43  9.2 
54744 118.55  37.58  9.8 
54749 119.95  37.18  48.9 
54751 120.73  37.93  43.0 
54752 120.77  37.80  61.8 
54753 120.33  37.63  5.7 
54755 120.38  37.33  113.4 
54759 120.85  37.32  190.1 
54764 121.23  37.48  55.2 
54765 121.43  37.48  83.0 
54776 122.70  37.40  46.4 
54777 122.07  37.20  119.2 
54800 115.25  37.00  34.5 
54801 115.48  36.85  36.5 
54802 115.73  36.82  34.9 
54804 115.13  36.30  46.0 
54806 115.97  36.42  34.3 
54807 115.77  36.15  42.1 
54808 115.63  36.23  39.1 
54809 115.28  36.55  42.5 
54812 116.75  36.78  23.9 
54814 116.25  36.53  30.9 
54815 116.27  36.38  32.6 
54816 116.80  36.52  100.1 
54817 115.87  35.98  43.4 
54818 116.42  36.25  81.0 
54819 116.80  36.18  114.9 
54820 115.17  36.82  37.9 
54821 117.20  37.00  21.6 
54822 117.73  36.87  48.6 
54823 117.00  36.60  171.2 
54824 117.95  36.63  95.3 
54825 117.85  36.52  190.9 
54826 117.10  36.25  1536.5 
54827 117.15  36.17  129.8 
54828 117.68  36.23  228.6 
54829 117.87  36.77  86.7 
54830 117.93  36.82  35.3 
54831 118.50  36.65  103.7 
54832 118.73  36.88  27.0 
54833 118.08  36.97  16.3 
54834 118.28  36.87  47.3 
54835 118.55  36.50  110.6 
54836 118.17  36.18  303.7 
54837 118.83  36.68  80.0 
54841 119.42  36.87  24.7 
54842 120.00  36.78  52.1 
54843 119.20  36.75  22.5 
54844 119.18  36.42  67.5 
54846 119.73  36.38  37.6 
54848 119.42  35.98  81.8 
54849 120.03  36.22  75.7 
54851 120.57  36.90  77.8 
54852 120.73  36.97  53.6 
54853 120.42  36.17  43.7 
54855 120.47  36.38  30.2 
54857 120.33  36.07  75.3 
54861 121.53  36.93  47.8 
54863 121.18  36.78  42.0 
54871 122.48  36.93  9.1 
54900 115.02  35.70  54.1 
54901 115.17  36.08  47.8 
54902 115.12  35.90  49.9 
54903 115.48  35.85  50.6 
54904 115.52  35.58  51.5 
54905 115.93  35.58  47.4 
54906 115.42  35.25  51.1 
54907 116.65  34.98  35.4 
54908 115.10  35.27  58.2 
54909 115.52  35.08  51.7 
54910 116.05  35.82  42.0 
54911 116.40  35.93  44.2 
54912 116.50  35.77  42.9 
54913 116.82  35.75  63.4 
54914 116.08  35.42  41.8 
54915 116.60  35.43  34.3 
54916 116.85  35.57  60.1 
54917 116.32  35.10  37.8 
54918 116.97  35.60  63.4 
54919 116.98  35.38  89.7 
54920 117.28  35.65  111.5 
54921 116.33  35.42  39.6 
54922 117.78  35.88  225.2 
54923 117.93  35.72  203.4 
54925 117.63  35.52  168.4 
54927 117.20  35.10  76.1 
54929 117.97  35.27  120.6 
54932 118.65  35.77  187.8 
54935 118.43  35.53  120.6 
54936 118.83  35.57  108.4 
54938 118.40  35.05  66.4 
54939 118.82  35.17  115.0 
54940 119.20  35.75  147.8 
54943 120.00  35.88  11.9 
54945 119.53  35.43  37.1 
55228 80.08  32.50  4279.8 
55248 84.42  32.15  4416.1 
55299 92.07  31.48  4508.2 
55437 81.25  30.28  3901.2 
55493 91.10  30.48  4201.2 
55569 87.60  29.08  4001.2 
55572 89.10  29.68  4001.3 
55593 91.73  29.85  3805.1 
55597 91.68  29.03  3741.2 
55598 91.77  29.27  3561.5 
55655 85.97  28.18  3811.2 
55664 87.08  28.63  4301.2 
55680 89.60  28.92  4041.2 
56004 92.43  34.22  4533.9 
56016 95.62  33.85  4179.9 
56018 95.28  32.88  4067.2 
56021 95.80  34.12  4175.8 
56029 96.97  33.00  3717.7 
56033 98.22  34.92  4273.1 
56034 97.13  33.80  4416.2 
56038 98.10  32.98  4201.0 
56043 100.23  34.48  3719.8 
56045 99.90  33.97  4050.8 
56046 99.65  33.75  3968.3 
56065 101.60  34.73  3500.8 
56067 101.48  33.43  3629.3 
56071 102.50  34.58  3106.9 
56074 102.08  34.00  3472.6 
56079 102.97  33.58  3442.6 
56080 102.90  35.00  2911.2 
56081 103.35  34.70  2811.4 
56082 103.50  34.58  2541.5 
56084 103.23  34.07  2375.4 
56091 104.47  34.85  1884.5 
56092 104.65  35.00  1729.4 
56093 104.02  34.43  2316.2 
56094 104.37  33.78  1401.2 
56095 104.38  34.03  1754.4 
56096 104.92  33.40  1080.3 
56097 104.25  33.27  1437.7 
56116 95.60  31.42  3874.3 
56125 96.47  32.20  3644.5 
56128 96.60  31.22  3811.2 
56137 97.17  31.15  3316.2 
56144 98.58  31.80  3185.0 
56146 100.00  31.62  3394.6 
56147 98.83  31.22  3261.3 
56151 100.75  32.93  3530.8 
56152 100.33  32.28  3895.8 
56158 100.67  31.40  3251.4 
56164 100.98  32.27  3286.0 
56167 101.12  30.98  2959.2 
56168 102.07  31.48  2170.1 
56171 101.70  32.90  3276.3 
56172 102.23  31.90  2666.3 
56173 102.55  32.80  3492.8 
56178 102.35  31.00  2439.2 
56180 103.85  31.68  1591.3 
56181 103.70  30.68  543.3 
56182 103.60  32.67  2852.1 
56183 103.62  31.50  1370.2 
56184 103.17  31.43  1897.9 
56185 102.98  32.08  2401.3 
56186 104.20  31.33  590.2 
56187 103.87  30.75  548.9 
56188 103.67  31.00  699.7 
56189 103.93  30.98  582.9 
56192 104.67  32.95  1015.5 
56197 104.17  31.15  536.8 
56198 104.50  31.32  526.7 
56199 104.68  31.03  424.7 
56223 95.83  30.75  3641.2 
56227 95.77  29.87  2737.2 
56228 96.92  30.05  3261.0 
56247 99.10  30.00  2590.2 
56251 100.32  30.93  2999.2 
56257 100.27  30.00  3950.5 
56263 101.88  30.88  1951.0 
56267 101.02  30.03  2602.2 
56272 103.88  30.82  559.7 
56273 102.82  30.38  1010.8 
56276 103.82  30.45  468.2 
56278 102.77  30.07  758.0 
56279 102.93  30.15  683.9 
56280 103.12  30.08  692.4 
56281 103.50  30.18  512.0 
56284 103.43  30.45  519.5 
56285 103.52  30.60  525.3 
56286 104.25  30.55  516.3 
56288 103.92  30.58  495.8 
56289 103.87  30.20  438.2 
56290 104.18  30.78  515.7 
56296 104.43  30.85  449.5 
56297 104.15  30.02  437.7 
56298 104.60  30.13  417.9 
56312 94.33  29.67  2993.0 
56317 94.22  29.22  2951.2 
56331 97.83  29.67  3781.2 
56357 100.30  29.05  3728.6 
56371 102.23  29.92  1322.4 
56373 102.85  29.78  763.7 
56374 101.97  30.05  2615.5 
56376 102.63  29.35  1098.7 
56378 102.35  29.23  891.9 
56380 103.35  29.88  572.4 
56381 103.50  30.07  497.4 
56382 103.60  29.73  408.3 
56383 103.87  29.83  456.4 
56384 103.48  29.60  447.9 
56385 103.33  29.52  3048.3 
56386 103.75  29.57  425.2 
56387 103.27  29.23  643.4 
56389 103.95  29.20  388.8 
56390 104.07  29.67  405.6 
56391 103.82  30.08  416.6 
56393 104.85  29.77  370.9 
56394 104.43  29.45  385.3 
56395 104.67  29.52  349.5 
56396 104.77  29.35  353.8 
56399 104.98  29.18  307.4 
56434 97.47  28.65  2328.8 
56441 99.28  28.72  2424.1 
56443 99.80  28.93  2843.1 
56444 98.92  28.48  3320.8 
56459 101.27  27.93  2424.6 
56462 101.50  29.00  2931.4 
56473 102.77  28.95  1061.5 
56474 102.17  28.55  1775.2 
56475 102.52  28.65  1660.1 
56478 102.43  28.30  1819.3 
56479 102.85  28.00  2133.7 
56480 103.53  28.82  565.2 
56483 103.95  28.58  494.5 
56485 103.58  28.27  1254.8 
56487 103.13  28.33  1945.1 
56489 103.63  28.23  876.3 
56490 103.90  28.95  425.2 
56491 104.57  28.70  288.2 
56492 104.60  28.80  342.1 
56493 104.97  28.85  294.0 
56494 104.15  28.65  463.2 
56496 105.23  28.32  330.0 
56497 104.23  28.10  433.3 
56498 104.50  28.15  550.2 
56499 104.78  28.38  369.4 
56533 98.67  27.75  1587.7 
56543 99.70  27.83  3277.6 
56548 99.28  27.17  2326.0 
56565 101.52  27.43  2545.0 
56567 100.85  27.30  2242.3 
56569 102.18  27.42  1381.2 
56571 102.27  27.90  1592.7 
56575 102.55  27.37  1429.2 
56578 102.75  27.07  994.8 
56580 102.80  27.72  2461.5 
56582 103.90  27.75  1177.0 
56584 103.25  27.70  1093.7 
56585 103.53  27.18  1916.0 
56586 103.72  27.35  1950.0 
56592 104.52  28.43  360.9 
56593 104.92  28.58  281.9 
56594 104.05  27.63  884.0 
56595 104.87  27.42  1644.3 
56596 105.05  27.85  1176.5 
56598 104.73  27.13  1538.1 
56641 98.87  26.90  1191.5 
56643 98.85  25.87  950.6 
56645 99.42  26.42  2345.9 
56646 99.92  26.53  2193.5 
56649 99.97  26.10  2059.9 
56651 100.22  26.85  2382.1 
56652 100.75  26.68  2131.0 
56654 100.18  26.58  2196.8 
56664 101.27  26.63  1230.8 
56665 101.85  26.68  1141.5 
56666 101.72  26.58  1191.3 
56669 101.67  26.05  1534.1 
56670 102.12  26.92  1138.3 
56671 102.25  26.65  1788.6 
56673 102.92  26.92  894.9 
56674 101.73  26.50  1109.1 
56675 102.58  26.65  1695.7 
56684 103.25  26.40  2110.8 
56688 103.17  26.10  1253.4 
56691 104.28  26.87  2238.6 
56697 104.08  26.22  1987.4 
56739 98.50  24.98  1655.8 
56742 99.37  25.90  1663.9 
56745 99.95  25.68  1627.2 
56746 99.52  25.47  1618.3 
56748 99.18  25.12  1651.2 
56751 100.18  25.70  1991.6 
56752 100.57  25.83  1440.3 
56755 100.48  25.35  1670.0 
56757 100.28  25.27  1744.0 
56761 101.32  25.72  1873.7 
56764 101.23  25.53  1875.2 
56766 101.52  25.30  1769.3 
56767 101.28  25.18  1858.3 
56772 102.50  25.23  1694.4 
56774 102.42  25.53  1712.0 
56777 102.07  25.15  1566.8 
56778 102.65  25.00  1889.1 
56782 103.55  25.42  2064.8 
56783 103.80  25.50  1906.3 
56785 103.08  25.35  1925.5 
56790 104.25  25.68  1920.5 
56792 104.97  25.78  1648.5 
56793 104.47  25.72  1796.0 
56835 97.82  24.07  958.7 
56836 97.95  24.70  828.1 
56839 98.82  23.77  994.5 
56840 98.30  24.82  1013.7 
56841 98.68  24.60  1527.6 
56842 99.18  24.73  1473.4 
56843 99.62  24.83  1650.2 
56844 98.58  24.43  915.0 
56846 99.93  24.58  1569.8 
56849 99.23  24.03  1607.2 
56851 100.52  25.03  1378.6 
56854 100.13  24.45  1108.1 
56856 100.87  24.47  1163.5 
56862 101.60  24.68  1966.0 
56863 102.48  24.93  1850.0 
56867 101.12  23.98  1107.2 
56869 101.97  24.07  1498.2 
56870 102.18  24.65  1576.3 
56871 102.60  24.65  1894.2 
56873 102.92  24.68  1788.5 
56875 102.55  24.33  1717.5 
56876 102.77  24.28  1732.5 
56878 102.75  24.13  1802.4 
56879 102.92  24.18  1698.9 
56880 103.17  24.92  1532.9 
56881 103.27  24.75  1694.7 
56882 102.80  24.88  1909.2 
56883 103.98  24.82  1846.2 
56885 103.45  24.40  1416.7 
56886 103.77  24.53  1705.5 
56889 104.17  24.05  1518.5 
56891 104.32  24.98  1482.4 
56898 102.40  24.18  1542.8 
56944 99.27  23.15  1280.7 
56946 99.40  23.55  1104.8 
56948 99.60  22.63  1156.1 
56949 99.60  22.32  946.1 
56950 99.80  23.47  1044.0 
56951 100.08  23.88  1502.6 
56952 100.70  23.50  914.0 
56954 99.93  22.57  1054.4 
56958 100.42  21.92  1177.5 
56962 101.67  23.42  1315.3 
56964 100.97  22.78  1302.9 
56966 101.98  23.60  401.6 
56969 101.58  21.47  634.4 
56970 102.48  23.70  1419.9 
56975 102.43  23.37  975.9 
56976 102.83  23.23  229.4 
56977 101.85  22.58  1121.0 
56978 102.42  23.00  1640.7 
56982 103.28  23.70  1055.8 
56984 103.15  23.38  1717.7 
56987 103.23  22.78  1261.1 
56991 104.33  23.62  1561.1 
56992 104.70  23.45  1508.1 
56994 104.28  23.33  1292.7 
56995 104.42  23.03  1335.4 
57001 105.33  34.75  1273.1 
57002 105.65  34.85  1217.3 
57003 106.83  34.90  925.1 
57004 104.88  34.73  1496.6 
57006 105.75  34.58  1142.8 
57007 105.18  34.18  1405.8 
57008 105.30  34.03  1580.2 
57011 106.15  34.75  1379.4 
57012 106.20  34.98  1665.7 
57014 105.87  34.57  1086.4 
57016 107.13  34.35  613.7 
57020 107.40  34.37  564.3 
57021 107.13  34.65  751.5 
57022 107.78  34.68  1026.4 
57023 108.12  35.02  841.5 
57024 107.65  34.45  671.1 
57025 107.38  34.52  782.0 
57026 107.88  34.37  586.9 
57027 107.73  34.27  518.4 
57028 107.32  34.03  1544.4 
57029 108.48  34.50  544.4 
57030 108.15  34.70  995.4 
57031 108.55  34.82  1013.5 
57033 108.82  34.55  429.0 
57034 108.22  34.25  449.2 
57035 108.23  34.55  636.7 
57037 108.98  34.93  711.8 
57038 108.45  34.28  411.5 
57041 108.92  34.63  425.5 
57042 109.18  34.78  472.3 
57043 109.97  34.80  352.3 
57045 109.48  34.52  354.3 
57046 110.08  34.48  2057.9 
57048 108.72  34.40  473.4 
57051 111.20  34.80  411.7 
57052 110.45  34.88  355.0 
57053 110.72  34.70  507.1 
57054 110.23  34.55  557.1 
57055 110.08  34.55  352.5 
57056 110.85  34.53  390.9 
57057 110.15  34.10  964.2 
57060 111.23  35.17  404.2 
57061 111.20  34.83  411.3 
57063 111.77  34.77  523.6 
57066 111.67  34.40  329.8 
57070 112.12  34.73  359.5 
57071 112.43  34.82  333.2 
57072 112.75  34.92  128.5 
57074 112.40  34.42  246.9 
57075 112.87  34.17  204.3 
57076 112.78  34.73  190.1 
57078 112.47  34.15  334.0 
57079 113.03  34.95  106.9 
57080 112.97  34.73  166.1 
57081 113.43  34.80  141.9 
57082 113.02  34.47  428.4 
57083 113.65  34.72  111.6 
57084 113.05  34.50  1179.0 
57085 113.33  34.53  264.8 
57086 113.72  34.38  116.8 
57087 113.73  34.27  88.5 
57088 113.50  34.15  117.7 
57089 113.93  34.07  68.1 
57090 113.97  34.72  80.2 
57091 114.30  34.78  74.8 
57093 114.82  34.85  74.0 
57094 114.22  34.40  68.5 
57095 114.15  34.12  62.2 
57096 114.78  34.53  60.7 
57098 114.40  34.08  59.3 
57099 114.85  34.07  53.6 
57102 105.72  33.75  971.2 
57105 105.60  33.33  1222.4 
57106 106.15  33.32  797.3 
57110 106.08  33.78  932.0 
57111 106.30  33.92  962.6 
57113 106.53  33.90  986.7 
57119 106.70  33.17  552.2 
57123 108.07  34.28  506.8 
57124 106.93  33.63  1033.3 
57127 107.03  33.07  510.7 
57128 107.33  33.17  487.0 
57131 108.97  34.43  411.0 
57134 107.98  33.52  827.9 
57137 108.32  33.32  802.0 
57140 109.12  33.67  819.4 
57143 109.97  33.87  743.8 
57144 109.15  33.43  696.2 
57153 110.33  33.68  582.5 
57154 110.90  33.53  523.8 
57155 109.87  33.55  661.0 
57156 111.50  33.30  252.3 
57162 112.07  34.13  327.5 
57169 111.87  33.05  160.0 
57173 112.88  33.75  146.8 
57175 112.23  33.05  192.2 
57176 112.42  33.48  230.4 
57177 113.53  33.33  91.3 
57178 112.48  33.10  130.5 
57179 113.00  33.28  161.6 
57180 113.20  33.98  118.6 
57181 113.05  33.88  138.0 
57182 113.52  33.85  81.4 
57183 113.92  33.80  65.2 
57184 113.30  33.63  84.7 
57185 113.58  33.45  92.1 
57186 114.05  33.60  59.8 
57187 112.93  33.07  119.3 
57188 114.03  33.37  56.8 
57189 113.95  33.13  65.5 
57190 114.40  33.75  51.6 
57191 114.48  34.48  64.2 
57192 114.85  33.73  46.6 
57193 114.52  33.78  54.1 
57194 114.27  33.28  60.9 
57195 114.62  33.62  47.6 
57196 114.87  33.47  42.8 
57197 114.35  32.97  54.5 
57198 114.57  33.50  47.3 
57204 105.22  32.57  783.2 
57206 105.85  32.43  513.5 
57208 105.52  32.28  545.7 
57211 106.25  32.83  837.1 
57213 106.93  33.00  537.5 
57216 106.83  32.35  580.5 
57217 106.28  32.23  486.9 
57231 108.53  32.53  505.0 
57232 108.27  33.05  485.0 
57233 108.50  32.90  414.3 
57237 108.03  32.07  675.0 
57238 107.90  32.53  695.1 
57242 109.37  32.85  286.5 
57245 109.03  32.72  291.7 
57247 108.90  32.32  439.5 
57248 109.33  32.40  430.0 
57249 109.68  32.32  453.7 
57251 110.42  33.00  249.9 
57253 110.82  32.85  204.0 
57254 110.12  32.82  323.7 
57256 110.78  32.65  287.0 
57257 110.23  32.23  309.3 
57259 110.75  32.05  427.1 
57260 111.52  32.57  143.9 
57261 111.52  33.12  234.5 
57265 111.73  32.43  91.2 
57268 111.62  32.27  115.5 
57271 112.38  32.52  89.7 
57273 112.85  32.68  110.5 
57274 112.12  32.70  108.8 
57278 112.08  32.00  69.6 
57279 112.75  32.15  127.0 
57281 113.30  32.70  143.1 
57285 113.42  32.38  149.2 
57290 113.92  32.93  83.8 
57292 114.63  32.97  45.3 
57293 114.98  32.73  39.1 
57294 114.02  32.83  84.6 
57295 114.35  32.62  80.2 
57296 114.73  32.35  50.1 
57297 114.05  32.13  115.4 
57298 114.55  32.22  56.2 
57299 114.90  32.02  50.6 
57303 105.92  31.73  461.1 
57306 105.97  31.58  385.4 
57307 105.08  31.10  406.1 
57308 105.38  31.22  422.5 
57309 105.88  30.98  379.4 
57313 106.77  31.87  416.3 
57314 106.07  31.35  406.9 
57315 106.40  31.53  656.8 
57317 106.42  31.03  326.1 
57318 106.55  31.07  339.7 
57320 107.22  31.93  483.1 
57324 107.08  31.58  365.1 
57326 107.72  31.37  390.5 
57328 107.50  31.20  344.4 
57329 107.85  31.10  468.5 
57333 108.67  31.95  800.0 
57338 108.42  31.18  213.2 
57339 108.68  30.95  296.4 
57343 109.53  31.90  994.6 
57345 109.62  31.40  339.8 
57348 109.53  31.02  300.3 
57349 109.87  31.07  275.9 
57355 110.37  31.03  335.0 
57359 110.73  31.35  333.4 
57361 111.27  31.88  331.0 
57362 110.67  31.75  939.3 
57363 111.83  31.80  146.0 
57370 112.22  31.73  68.3 
57377 112.22  31.00  184.8 
57378 112.57  31.17  66.5 
57381 113.33  31.62  113.5 
57386 114.00  31.25  47.1 
57387 113.13  31.00  80.3 
57388 113.70  31.27  55.5 
57389 113.75  31.03  33.5 
57390 114.07  31.80  734.7 
57395 114.12  31.57  71.8 
57396 114.85  31.63  129.7 
57398 114.62  31.28  79.2 
57399 114.95  31.13  59.6 
57401 105.37  30.87  384.3 
57402 105.70  30.77  395.5 
57405 105.55  30.50  355.3 
57407 105.03  30.28  463.8 
57408 105.35  30.12  339.6 
57409 105.80  30.18  295.8 
57411 106.10  30.78  311.0 
57413 106.97  30.85  296.2 
57414 106.45  30.52  396.0 
57415 106.63  30.53  336.4 
57416 106.93  30.33  391.5 
57417 106.28  30.35  315.1 
57420 107.18  30.75  419.0 
57425 107.33  30.33  430.5 
57431 108.35  30.83  256.8 
57432 108.40  30.77  188.8 
57437 108.03  30.30  326.3 
57438 108.12  29.98  630.3 
57439 108.93  30.28  1075.8 
57445 109.72  30.60  602.2 
57447 109.47  30.28  458.0 
57453 111.32  30.77  107.5 
57458 110.67  30.20  616.8 
57461 111.37  30.73  134.3 
57464 111.18  30.47  144.2 
57465 111.45  30.38  76.3 
57469 111.77  30.18  68.7 
57475 112.90  30.40  39.2 
57476 112.15  30.35  33.4 
57477 112.22  30.07  46.8 
57481 113.57  30.95  34.7 
57482 113.95  30.90  26.3 
57483 113.13  30.67  32.2 
57485 113.48  30.30  24.9 
57486 113.85  30.65  26.0 
57489 114.00  30.58  39.4 
57492 114.83  30.83  33.3 
57494 114.05  30.60  24.4 
57495 114.88  30.67  28.8 
57496 114.87  30.37  38.5 
57498 114.90  30.43  22.1 
57499 114.88  30.07  41.3 
57502 105.70  29.70  395.3 
57503 105.12  29.62  351.4 
57505 105.58  29.42  324.0 
57506 105.90  29.37  351.8 
57507 105.30  29.33  374.2 
57508 105.37  29.15  302.2 
57509 106.93  28.95  325.7 
57510 106.07  29.85  278.5 
57511 106.45  29.85  242.9 
57512 106.28  29.97  231.2 
57513 106.62  29.73  465.5 
57514 106.22  29.58  325.0 
57516 106.47  29.58  259.6 
57517 106.25  29.28  256.3 
57518 106.50  29.33  506.9 
57519 107.12  29.17  559.5 
57520 107.07  29.83  382.8 
57523 107.73  29.85  290.4 
57525 107.75  29.32  273.3 
57536 108.78  29.53  608.8 
57537 108.17  29.30  321.3 
57540 109.15  29.68  771.8 
57541 109.48  30.00  535.6 
57543 110.03  29.90  538.7 
57544 109.45  29.47  487.1 
57545 109.42  29.53  499.8 
57554 110.17  29.40  320.9 
57558 110.47  29.13  184.5 
57562 111.37  29.58  118.1 
57564 111.13  29.43  104.0 
57565 111.73  29.67  39.2 
57566 111.65  29.45  52.5 
57571 112.40  29.70  40.7 
57573 112.90  29.83  35.1 
57574 112.40  29.37  37.1 
57575 112.57  29.52  32.1 
57577 112.17  29.40  37.9 
57581 113.45  29.82  34.9 
57582 113.88  29.72  41.9 
57583 113.97  29.92  52.7 
57584 113.08  29.38  49.7 
57585 113.45  29.48  60.2 
57586 114.03  29.53  79.2 
57589 113.88  29.27  100.6 
57590 114.37  29.85  97.8 
57596 114.20  29.63  752.3 
57598 114.58  29.03  144.4 
57600 105.07  28.72  264.2 
57603 105.83  28.82  284.4 
57606 106.83  28.13  972.7 
57608 105.43  28.17  378.6 
57612 106.65  29.00  475.9 
57623 107.60  28.88  684.6 
57625 107.45  28.55  678.2 
57633 108.77  28.82  827.7 
57634 107.88  28.52  658.0 
57635 108.98  28.45  364.0 
57636 108.50  28.57  335.4 
57637 108.10  28.25  524.2 
57640 109.45  28.58  344.3 
57642 109.63  28.70  326.8 
57643 109.83  29.00  272.6 
57646 109.95  28.62  302.1 
57647 109.18  28.15  406.9 
57649 109.68  28.23  209.6 
57655 110.40  28.47  151.4 
57657 110.20  28.22  182.9 
57658 110.20  28.02  153.8 
57661 111.48  28.92  49.8 
57662 111.68  29.12  151.4 
57663 111.95  28.92  31.5 
57666 112.13  28.52  49.1 
57669 111.22  28.38  129.4 
57671 112.37  28.85  35.5 
57673 112.88  28.68  54.6 
57674 112.38  28.57  47.3 
57678 112.55  28.25  71.6 
57679 112.78  28.12  45.7 
57680 113.07  28.80  47.9 
57682 113.57  28.72  105.0 
57687 112.92  28.22  69.2 
57688 113.63  28.15  100.3 
57694 114.38  28.53  261.0 
57696 114.78  28.40  92.9 
57698 114.45  28.12  99.7 
57699 114.92  28.23  67.8 
57707 105.28  27.30  1511.5 
57708 105.60  27.15  1701.2 
57710 106.40  27.80  891.0 
57714 106.23  27.47  943.0 
57717 106.83  27.53  975.0 
57718 106.72  27.10  1039.2 
57719 106.97  27.07  1280.7 
57722 107.47  27.77  792.9 
57723 107.72  27.98  710.5 
57728 107.47  27.07  1097.9 
57729 107.88  27.23  621.3 
57731 108.25  27.95  417.7 
57732 108.40  28.02  458.0 
57734 108.23  27.57  468.5 
57735 108.82  27.18  405.3 
57736 108.85  27.70  370.7 
57737 108.12  27.03  548.3 
57738 108.42  27.05  517.0 
57739 108.92  27.23  391.2 
57740 109.60  27.95  349.7 
57741 109.18  27.72  283.5 
57742 109.20  27.52  885.3 
57743 109.80  27.88  177.6 
57744 109.17  27.37  356.1 
57745 109.68  27.45  273.2 
57752 110.60  27.92  203.9 
57754 110.15  27.35  170.7 
57760 111.43  27.70  250.4 
57761 111.30  27.75  213.4 
57762 111.70  27.68  166.2 
57763 112.00  27.68  201.2 
57771 112.53  27.93  90.0 
57772 112.50  27.75  88.1 
57773 112.82  27.87  65.0 
57774 112.17  27.45  98.4 
57776 112.70  27.30  1265.1 
57777 112.87  27.23  65.5 
57778 112.95  27.10  71.7 
57779 113.35  27.00  100.6 
57780 113.17  27.87  75.8 
57781 113.50  27.65  75.6 
57786 113.85  27.63  118.7 
57789 113.95  27.13  195.7 
57792 114.68  27.82  94.9 
57793 114.38  27.80  132.3 
57796 114.88  27.83  82.9 
57798 114.60  27.40  87.1 
57799 114.92  27.05  73.7 
57800 105.37  26.77  1458.6 
57803 106.02  27.03  1234.5 
57805 105.77  26.68  1320.8 
57806 105.90  26.25  1430.5 
57807 105.47  26.20  1363.2 
57808 105.75  26.32  1275.7 
57809 105.75  26.07  1252.0 
57811 106.60  26.83  1296.7 
57814 106.27  26.42  1299.2 
57816 106.73  26.58  1224.9 
57821 107.50  26.70  926.5 
57822 107.90  26.90  836.5 
57824 107.23  26.58  1005.7 
57825 107.98  26.60  721.2 
57827 107.53  26.32  970.2 
57828 107.58  26.50  983.9 
57829 107.80  26.20  964.2 
57832 108.67  26.97  627.8 
57834 108.30  26.68  643.1 
57835 108.43  26.72  528.4 
57837 108.07  26.40  840.0 
57839 109.15  26.23  569.4 
57840 109.20  26.90  402.4 
57844 109.18  26.68  344.0 
57845 109.78  26.17  397.4 
57859 110.63  26.03  409.6 
57865 111.58  26.47  167.1 
57866 111.62  26.23  172.1 
57867 111.28  26.40  169.8 
57868 111.87  26.60  114.3 
57870 112.10  26.80  151.6 
57871 112.37  26.98  91.0 
57872 112.60  26.90  104.8 
57874 112.40  26.42  117.8 
57875 112.68  26.75  131.0 
57876 112.83  26.43  136.2 
57881 113.25  26.72  103.0 
57882 113.55  26.78  137.4 
57883 114.28  26.75  257.1 
57886 113.80  26.48  265.8 
57887 113.12  26.12  125.1 
57889 113.95  26.08  837.1 
57891 114.25  26.93  154.0 
57894 114.17  26.58  848.4 
57895 114.78  26.47  102.8 
57896 114.50  26.33  127.3 
57899 114.92  26.80  72.6 
57900 105.22  25.83  1553.6 
57902 105.18  25.43  1379.3 
57903 105.60  25.93  1138.4 
57905 105.63  25.40  1063.8 
57906 106.08  25.18  567.0 
57907 104.90  25.08  1300.7 
57908 105.48  25.12  1393.5 
57909 105.82  24.98  584.8 
57910 106.08  25.77  1198.8 
57911 106.65  26.67  1324.2 
57912 106.63  26.13  992.1 
57913 106.98  26.45  1094.7 
57914 106.67  26.42  1149.8 
57915 106.77  26.63  1104.9 
57916 106.77  25.43  440.1 
57921 107.32  25.83  710.2 
57922 107.55  25.83  1015.5 
57923 107.87  25.98  418.5 
57926 107.88  25.42  432.9 
57927 107.18  24.97  288.5 
57932 108.53  25.97  288.8 
57936 108.92  25.75  259.1 
57941 109.60  25.78  198.4 
57942 110.00  25.80  269.2 
57947 109.40  25.22  122.5 
57948 109.25  25.08  123.9 
57949 110.00  24.98  158.0 
57954 110.18  25.23  158.8 
57955 110.67  25.62  225.2 
57956 110.32  25.42  169.1 
57957 110.30  25.32  165.6 
57960 111.07  25.93  196.8 
57962 111.65  25.97  169.0 
57964 111.15  25.50  264.3 
57965 111.60  25.53  191.0 
57966 111.97  25.60  241.5 
57969 111.33  25.27  230.6 
57971 112.20  25.92  225.1 
57972 113.03  25.80  187.1 
57973 112.72  25.75  330.3 
57974 112.37  25.58  212.6 
57975 112.20  25.38  277.8 
57976 112.95  25.42  226.4 
57978 112.55  25.28  293.2 
57981 113.22  25.98  140.5 
57985 113.68  25.57  611.0 
57988 113.35  25.15  103.5 
57989 113.77  25.07  99.2 
57990 114.30  25.70  248.1 
57991 114.55  25.80  141.9 
57992 114.75  25.67  128.2 
57993 115.00  25.87  138.7 
57994 114.35  25.40  216.8 
57995 114.93  25.40  165.4 
57996 114.25  25.08  135.7 
58001 115.10  34.43  56.9 
58002 115.58  34.85  50.2 
58003 115.88  34.95  46.6 
58004 115.15  34.65  61.6 
58005 115.67  34.45  51.1 
58006 115.88  34.38  50.6 
58007 115.30  34.07  53.2 
58008 115.33  34.47  59.2 
58011 116.07  34.80  47.4 
58012 116.58  34.68  43.6 
58013 116.90  34.75  36.8 
58015 116.33  34.45  45.4 
58016 116.97  34.18  35.9 
58017 116.13  34.25  42.0 
58020 117.13  34.80  36.2 
58021 117.28  34.78  81.7 
58022 117.57  34.75  49.5 
58024 117.58  34.87  78.5 
58025 117.73  34.57  28.8 
58026 118.02  34.40  26.5 
58027 117.15  34.28  42.0 
58030 118.02  34.88  47.1 
58032 118.65  34.93  71.3 
58035 118.35  34.33  31.3 
58036 118.72  34.55  39.9 
58038 118.78  34.08  7.8 
58040 119.13  34.85  10.8 
58041 119.43  34.78  22.0 
58044 119.23  34.53  4.7 
58045 119.60  34.20  8.4 
58047 119.23  34.25  5.3 
58048 119.35  34.12  9.1 
58049 119.80  34.02  4.4 
58100 115.17  33.65  42.4 
58101 115.48  33.87  42.8 
58102 115.77  33.87  39.2 
58104 115.07  33.40  42.5 
58107 115.28  33.02  37.0 
58108 115.33  33.23  35.0 
58109 115.62  33.18  34.2 
58111 116.45  33.97  32.5 
58112 116.45  30.73  969.4 
58113 116.75  33.93  32.8 
58114 116.18  33.48  31.5 
58116 116.83  33.98  32.7 
58117 116.20  33.13  29.4 
58118 116.52  33.27  27.2 
58122 116.98  33.63  27.1 
58125 117.52  33.58  25.1 
58126 117.87  33.47  20.7 
58127 117.20  32.98  22.4 
58128 117.35  33.33  20.6 
58129 117.83  33.15  18.2 
58130 117.95  33.93  24.5 
58131 118.22  33.97  28.0 
58132 118.68  33.72  19.1 
58135 118.22  33.48  19.5 
58138 118.52  32.98  42.8 
58139 118.92  33.30  13.9 
58140 119.30  33.77  13.4 
58141 118.93  33.63  15.6 
58143 119.85  33.80  6.1 
58145 119.15  33.50  8.4 
58146 119.77  33.47  11.8 
58147 118.97  32.98  28.6 
58148 119.30  33.23  11.5 
58150 120.30  33.75  3.1 
58154 120.20  33.43  6.8 
58158 120.48  33.20  7.1 
58202 115.57  32.67  32.9 
58203 115.73  32.87  33.9 
58205 115.43  32.47  36.0 
58207 115.05  32.17  44.0 
58208 115.62  32.17  43.9 
58210 116.23  32.65  26.2 
58212 116.77  32.72  23.0 
58214 116.28  32.33  34.1 
58215 116.78  32.43  23.5 
58220 117.15  32.47  29.3 
58221 117.30  32.85  23.1 
58222 117.55  32.85  25.6 
58223 117.98  32.80  32.6 
58224 117.02  32.65  33.6 
58225 117.67  32.53  70.6 
58234 118.42  32.47  41.6 
58235 118.85  32.37  12.3 
58236 118.25  32.35  34.7 
58237 118.58  32.07  15.6 
58238 118.90  31.93  36.4 
58240 119.02  32.68  22.5 
58241 119.45  32.80  9.6 
58242 119.17  32.30  15.1 
58243 119.82  32.95  4.5 
58244 119.58  32.45  14.4 
58245 119.42  32.42  14.7 
58246 120.00  32.55  5.9 
58247 119.80  32.27  6.3 
58249 120.00  32.17  8.5 
58250 120.15  32.52  10.5 
58251 120.28  32.85  4.1 
58252 119.47  32.18  32.3 
58254 120.45  32.52  10.2 
58255 120.57  32.37  7.1 
58257 120.25  31.98  12.6 
58259 120.98  32.08  4.6 
58264 121.18  32.33  11.1 
58265 121.60  32.07  6.5 
58268 121.08  32.10  9.8 
58269 121.65  31.78  12.5 
58301 115.38  31.82  92.9 
58306 115.88  31.68  96.5 
58311 116.50  31.73  75.3 
58314 116.32  31.40  87.6 
58316 116.92  31.47  24.7 
58317 116.37  30.87  435.4 
58319 116.95  31.07  86.0 
58320 117.13  31.73  22.8 
58321 117.30  31.78  28.2 
58323 117.47  31.88  26.0 
58326 117.83  31.58  31.9 
58327 117.28  31.27  46.4 
58329 117.87  31.33  10.0 
58330 118.08  31.75  27.0 
58331 118.37  31.73  23.5 
58334 118.37  31.38  10.4 
58335 118.52  31.57  24.4 
58336 118.57  31.70  81.2 
58337 118.18  31.08  28.0 
58338 118.58  31.15  18.3 
58339 118.90  31.33  20.9 
58340 119.03  31.65  27.0 
58341 119.60  31.98  10.2 
58342 119.55  31.72  7.7 
58344 119.20  31.97  35.0 
58345 119.48  31.43  8.1 
58346 119.82  31.33  15.8 
58349 120.57  31.42  6.0 
58351 120.30  31.90  12.2 
58352 120.77  31.65  13.5 
58353 120.57  31.87  10.9 
58354 120.35  31.62  4.1 
58356 121.00  31.40  7.5 
58358 120.43  31.07  21.0 
58359 120.62  31.13  8.5 
58360 121.20  31.92  6.5 
58361 121.37  31.10  10.2 
58362 121.45  31.40  6.7 
58365 121.25  31.37  5.5 
58366 121.50  31.67  9.7 
58367 121.43  31.20  5.9 
58369 121.78  31.05  9.8 
58370 121.53  31.23  6.2 
58377 121.10  31.52  8.1 
58401 115.40  30.75  122.2 
58402 115.67  30.73  128.6 
58404 115.22  30.47  56.8 
58408 115.43  30.23  35.4 
58409 115.93  30.10  24.2 
58417 116.13  30.17  55.9 
58429 117.85  30.98  12.2 
58431 118.32  30.90  40.2 
58432 118.40  30.68  58.4 
58433 118.75  30.93  32.2 
58435 118.53  30.30  221.3 
58436 118.98  30.62  88.5 
58437 118.15  30.13  1841.4 
58441 119.42  30.87  44.3 
58442 119.18  31.17  17.7 
58443 119.90  31.02  19.8 
58446 119.70  30.63  25.7 
58448 119.70  30.22  108.2 
58449 119.95  30.05  47.9 
58450 120.05  30.87  7.8 
58451 120.93  30.83  3.4 
58452 120.77  30.73  4.3 
58453 120.50  30.07  10.7 
58454 119.98  30.53  5.1 
58455 120.65  30.52  8.1 
58456 120.52  30.63  6.7 
58457 120.17  30.23  43.3 
58458 120.90  30.53  3.9 
58459 120.28  30.18  42.4 
58460 121.35  30.73  6.2 
58461 121.12  31.13  5.2 
58462 121.23  31.03  9.1 
58463 121.50  30.88  9.5 
58464 121.12  30.65  6.9 
58467 121.27  30.20  5.7 
58468 121.17  30.05  6.6 
58472 122.45  30.73  70.7 
58477 122.10  30.03  36.7 
58484 122.20  30.25  9.4 
58500 115.20  29.85  47.0 
58501 115.63  29.92  25.8 
58502 116.00  29.73  37.1 
58503 115.67  29.70  42.4 
58506 115.98  29.58  1165.4 
58507 115.12  29.25  117.1 
58508 115.77  29.33  42.5 
58509 115.82  29.05  37.8 
58510 116.23  29.73  41.3 
58512 116.55  29.90  72.5 
58514 116.05  29.45  38.3 
58517 116.20  29.27  36.7 
58519 116.68  29.00  45.3 
58520 117.72  29.85  143.1 
58523 117.93  29.93  228.7 
58527 117.20  29.30  62.9 
58529 117.85  29.27  82.1 
58530 118.43  29.87  170.1 
58531 118.28  29.72  143.9 
58534 118.18  29.78  171.4 
58537 118.40  29.13  154.1 
58542 119.68  29.82  45.3 
58543 119.02  29.62  172.2 
58544 119.27  29.48  87.2 
58546 119.88  29.47  114.2 
58547 119.18  29.03  65.1 
58548 119.47  29.22  46.7 
58549 119.65  29.12  61.4 
58550 120.25  29.70  39.4 
58553 120.82  30.05  6.4 
58555 120.88  29.52  112.4 
58556 120.82  29.60  103.8 
58557 120.08  29.33  87.6 
58558 120.22  29.27  89.0 
58559 120.98  29.17  59.5 
58561 121.60  29.98  5.2 
58562 121.55  29.78  6.2 
58563 121.83  29.88  6.0 
58565 121.38  29.70  21.1 
58566 121.88  29.47  7.2 
58567 121.43  29.32  40.4 
58568 121.38  29.12  35.9 
58569 121.95  29.20  129.2 
58570 122.30  29.95  83.2 
58600 115.37  28.87  80.1 
58601 115.38  28.70  54.9 
58602 115.55  28.85  39.8 
58605 115.38  28.42  48.3 
58606 115.92  28.60  47.9 
58607 115.95  28.55  32.9 
58608 115.55  28.07  35.4 
58609 115.82  28.22  28.2 
58612 116.68  28.70  22.3 
58614 116.27  28.38  35.5 
58615 117.08  28.68  57.2 
58616 116.82  28.20  41.9 
58618 116.60  28.27  51.6 
58619 116.37  28.00  50.2 
58620 117.10  29.02  35.5 
58622 117.58  28.95  89.7 
58623 117.92  28.47  91.6 
58624 117.43  28.40  71.0 
58625 117.60  28.42  80.2 
58626 117.25  28.32  57.6 
58627 117.03  28.25  57.0 
58629 117.70  28.28  56.1 
58631 118.50  28.90  132.1 
58632 118.60  28.72  124.1 
58634 118.25  28.68  117.5 
58635 118.20  28.43  96.3 
58637 117.98  28.45  119.2 
58642 119.80  28.88  102.6 
58643 120.03  28.90  99.4 
58644 119.28  28.60  237.2 
58646 119.92  28.45  59.6 
58647 119.13  28.08  217.3 
58652 120.72  28.87  79.1 
58654 120.08  28.67  184.9 
58656 120.97  28.07  58.5 
58657 120.28  28.15  59.0 
58658 120.68  28.15  36.4 
58659 120.65  28.03  29.0 
58660 121.20  28.87  6.8 
58664 121.37  28.37  33.6 
58665 121.42  28.62  5.3 
58666 121.90  28.45  84.4 
58667 121.27  28.08  99.4 
58693 115.83  28.70  41.2 
58701 115.40  27.77  47.7 
58704 115.35  27.62  54.0 
58705 115.42  27.33  86.9 
58706 115.83  27.43  183.0 
58707 115.13  27.22  67.4 
58710 116.05  27.77  79.8 
58712 116.78  27.92  131.0 
58713 117.07  27.72  225.8 
58714 116.23  27.55  121.6 
58715 116.65  27.58  82.0 
58718 116.53  27.22  112.5 
58719 116.93  27.30  132.1 
58724 117.32  27.53  269.2 
58725 117.47  27.33  218.9 
58730 118.03  27.77  223.1 
58731 118.53  27.92  277.9 
58734 118.12  27.33  198.1 
58735 118.75  27.52  206.6 
58736 118.82  27.38  222.7 
58737 118.32  27.05  155.7 
58742 119.55  28.12  159.6 
58744 119.42  27.45  816.9 
58745 119.08  27.62  402.1 
58746 119.70  27.55  514.2 
58747 119.35  27.15  900.3 
58748 119.65  27.10  51.5 
58749 119.88  27.23  685.1 
58750 120.08  27.78  106.4 
58751 120.57  27.67  10.1 
58752 120.65  27.78  37.9 
58754 120.20  27.33  37.0 
58804 115.35  26.35  152.2 
58806 116.02  26.48  210.3 
58813 116.33  26.85  141.5 
58814 116.35  26.35  248.6 
58818 116.63  26.23  359.7 
58819 116.82  26.18  329.7 
58820 117.17  26.90  344.1 
58822 116.85  26.83  343.5 
58823 117.80  26.80  176.4 
58824 117.15  26.40  358.4 
58826 117.80  26.40  121.5 
58828 117.62  26.27  209.2 
58836 118.73  26.58  362.7 
58837 118.15  26.15  138.0 
58839 118.85  26.23  41.8 
58843 120.02  26.88  57.8 
58844 119.15  26.15  58.6 
58845 119.53  26.50  61.5 
58846 119.52  26.67  33.2 
58847 119.28  26.08  84.8 
58848 119.55  26.20  14.4 
58850 120.23  26.92  93.2 
58903 116.03  25.90  209.2 
58905 115.42  25.97  134.4 
58906 115.80  25.60  168.4 
58907 115.40  25.15  306.2 
58911 116.37  25.85  311.2 
58917 116.10  25.08  308.2 
58918 116.42  25.05  198.7 
58923 117.83  25.70  400.9 
58926 117.42  25.30  206.5 
58927 117.02  25.05  377.0 
58928 117.53  25.02  167.7 
58929 118.15  25.07  69.0 
58931 118.10  25.72  1654.6 
58932 118.93  25.87  86.6 
58934 118.27  25.33  171.3 
58935 118.23  25.48  522.4 
58938 118.98  25.23  24.3 
58941 119.50  25.97  26.9 
58942 119.38  25.72  40.3 
58944 119.78  25.52  33.4 
58946 119.00  25.45  81.9 
59001 105.33  24.78  673.4 
59004 105.10  24.50  727.1 
59007 105.07  24.07  1251.4 
59012 106.55  24.78  973.4 
59015 106.57  24.35  439.1 
59017 106.27  24.27  279.4 
59021 107.03  24.55  510.6 
59023 108.03  24.70  261.2 
59025 107.38  24.53  250.0 
59027 107.25  24.13  256.1 
59031 108.27  24.82  209.7 
59034 108.67  24.48  151.9 
59037 108.10  23.93  172.0 
59038 108.65  24.07  139.7 
59041 109.25  24.65  109.4 
59044 109.38  24.47  98.7 
59045 109.75  24.48  95.9 
59046 109.40  24.35  97.8 
59047 109.33  24.25  102.1 
59052 110.82  24.83  170.8 
59053 110.67  24.62  107.0 
59055 110.40  24.50  166.9 
59057 110.18  24.13  832.1 
59058 110.52  24.20  146.9 
59059 110.80  24.18  107.0 
59063 111.45  25.18  262.8 
59065 111.50  24.42  149.9 
59071 112.28  24.73  175.1 
59072 112.37  24.80  132.2 
59074 112.15  24.57  301.4 
59075 112.63  24.48  71.3 
59081 113.28  24.78  98.9 
59082 113.60  24.67  122.3 
59087 113.52  23.88  98.2 
59088 113.42  24.18  75.3 
59090 114.07  24.95  104.1 
59091 114.52  24.75  253.1 
59092 114.82  24.92  207.5 
59093 115.03  24.78  254.2 
59094 114.12  24.35  184.6 
59096 114.48  24.37  215.7 
59097 114.20  24.05  199.3 
59099 114.93  24.45  174.6 
59102 115.65  24.95  302.6 
59106 115.90  24.58  153.5 
59107 115.28  24.12  100.0 
59109 115.73  24.15  124.5 
59113 116.72  24.73  227.9 
59114 116.17  24.65  136.4 
59116 116.70  24.33  81.9 
59117 116.07  24.28  88.7 
59122 117.75  24.62  44.0 
59124 117.38  24.52  54.7 
59125 117.30  24.38  109.5 
59127 117.83  24.43  32.8 
59129 117.60  24.13  53.8 
59130 118.15  24.73  31.7 
59131 118.37  24.97  46.6 
59133 118.92  24.90  22.5 
59134 118.07  24.48  140.6 
59205 105.63  23.65  688.3 
59209 105.83  23.42  795.1 
59211 106.60  23.90  174.7 
59215 106.63  23.33  681.2 
59218 106.42  23.13  741.1 
59224 107.12  23.60  112.4 
59227 107.13  23.12  438.3 
59228 107.58  23.32  110.0 
59229 107.70  23.17  95.4 
59230 108.17  23.72  169.2 
59235 108.62  23.43  116.8 
59237 108.28  23.17  112.8 
59238 108.80  23.22  123.7 
59241 109.68  23.97  91.7 
59242 109.23  23.75  86.1 
59246 109.67  23.60  71.2 
59255 110.38  23.55  33.7 
59256 110.92  23.37  55.9 
59264 111.50  23.40  84.3 
59265 111.30  23.48  116.0 
59266 111.23  23.42  43.7 
59268 111.53  23.25  30.1 
59269 111.78  23.17  47.8 
59270 112.18  23.92  85.6 
59271 112.43  23.63  58.2 
59276 112.65  23.35  41.0 
59278 112.45  23.03  41.9 
59279 112.87  23.18  25.0 
59280 113.08  23.72  79.9 
59284 113.23  23.42  39.8 
59285 113.60  23.57  39.2 
59287 113.48  23.22  71.5 
59288 113.02  23.15  30.3 
59289 113.73  22.97  56.8 
59290 114.25  23.78  71.1 
59293 114.73  23.80  71.6 
59294 113.83  23.33  31.5 
59297 114.28  23.18  17.9 
59298 114.37  23.07  109.3 
59303 115.75  23.92  136.8 
59304 115.18  23.63  177.6 
59306 115.85  23.45  81.5 
59310 116.18  23.77  46.2 
59312 116.70  23.67  11.6 
59313 116.98  23.68  45.5 
59314 116.13  23.30  29.8 
59315 116.40  23.58  44.0 
59316 116.68  23.40  3.9 
59317 116.30  23.03  15.3 
59318 116.58  23.27  6.7 
59319 116.83  23.43  4.6 
59320 117.13  23.75  19.3 
59322 117.37  23.98  23.8 
59324 117.03  23.43  8.0 
59419 106.75  22.10  243.4 
59421 107.20  22.83  256.3 
59429 108.02  22.18  181.2 
59431 108.22  22.63  122.6 
59432 108.40  22.80  195.6 
59435 108.48  22.77  75.9 
59441 109.25  22.70  79.7 
59446 109.30  22.42  67.8 
59448 109.55  22.27  70.8 
59449 109.98  22.30  87.1 
59451 110.35  22.70  99.4 
59452 110.53  22.83  102.3 
59454 111.00  22.95  100.6 
59456 110.93  22.35  142.2 
59457 110.27  22.32  122.8 
59462 111.60  22.70  60.9 
59469 111.78  22.17  38.6 
59470 112.20  22.70  58.2 
59471 112.05  22.93  102.6 
59473 112.97  22.77  20.6 
59475 112.65  22.40  28.5 
59476 113.03  22.53  37.1 
59477 112.23  22.27  25.9 
59478 112.78  22.25  33.7 
59480 113.25  22.85  22.4 
59481 113.32  22.93  13.2 
59485 113.40  22.50  34.5 
59487 113.30  22.23  24.3 
59488 113.57  22.28  52.3 
59492 114.73  22.97  48.2 
59493 114.00  22.53  63.9 
59500 115.32  22.97  7.3 
59501 115.37  22.80  17.7 
59502 115.65  22.95  6.4 
59632 108.62  21.95  5.8 
59635 108.35  21.62  32.5 
59640 109.18  21.67  6.6 
59644 109.13  21.45  14.0 
59650 110.25  21.40  32.3 
59653 110.85  21.93  32.0 
59654 110.30  21.63  30.0 
59655 110.62  21.65  33.0 
59656 110.82  21.40  28.0 
59658 110.30  21.15  54.1 
59659 110.92  21.75  34.1 
59663 111.97  21.83  90.8 
59664 110.98  21.53  32.4 
59673 112.77  21.73  22.3 
59750 110.07  20.97  34.1 
59754 110.18  20.33  56.7 
59757 110.37  20.00  10.7 
59758 110.25  20.00  64.4 
59838 108.62  19.10  8.7 
59842 109.68  19.90  32.5 
59843 110.00  19.73  36.3 
59845 109.58  19.52  170.3 
59847 109.05  19.27  101.1 
59848 109.43  19.23  219.3 
59849 109.83  19.03  253.0 
59851 110.33  19.67  25.0 
59854 110.10  19.37  119.1 
59855 110.47  19.23  28.0 
59856 110.75  19.62  26.7 
59941 109.52  18.77  327.2 
59945 109.70  18.65  65.0 
59951 110.33  18.80  43.4 
